% Messparameter LVDT-Messung
%
% Version PC-Software: 1.0.4.27379
% Firmware MCU: GP22_V1.0.0
% GP22-Konfigurationsregister:
% Register 00: 03C5EA01
% Register 01: 21420000
% Register 02: 20000000
% Register 03: 18000000
% Register 04: 10000000
% Register 05: 40000000
% Register 06: 00006000
% DDS-Frequenz [Hz]: 400000
% TDC-Clock [Hz]: 4000000
% Offset: -1,149
% Faktor [mm/µs]: 2740
% Anzahl 'M' der Messwerte für Mittelwert: 10
% Grenze 'G' für Abweichung vom vorherigen Wert, ab der korrigiert wird [µs]*: 1,1
% * Tatsächlich verwendeter Wert ist: G/M. **AK ist die Anzahl korrigierter Werte.
% Messdatum: 10.11.2017 15:17:28
%
% Zeit LVDT Weg AK** Status
0.0000 0.021109 57,838099 0 0x0000
0.0430 0.022165 60,733378 0 0x0000
0.2420 0.022535 61,747248 0 0x0000
0.4240 0.021860 59,897196 0 0x0000
0.6100 0.022574 61,851771 0 0x0000
0.8110 0.021078 57,754481 0 0x0000
1.0210 0.021273 58,287546 0 0x0000
1.2120 0.023840 65,321924 0 0x0000
1.4200 0.021738 59,562723 0 0x0000
1.6160 0.020132 55,162318 0 0x0000
1.8310 0.020315 55,664026 0 0x0000
2.0200 0.023920 65,541422 0 0x0000
2.2210 0.020132 55,162318 0 0x0000
2.4190 0.027231 74,613993 0 0x0000
2.6550 0.020514 56,207545 0 0x0000
2.8200 0.022268 61,015589 0 0x0000
3.1160 0.021929 60,085337 0 0x0000
3.2500 0.021357 58,517496 0 0x0000
3.4290 0.020979 57,482722 0 0x0000
3.6260 0.021555 59,061014 0 0x0000
3.8290 0.022101 60,555689 0 0x0000
4.0330 0.019877 54,462015 0 0x0000
4.2280 0.022074 60,482523 0 0x0000
4.4290 0.025286 69,283335 0 0x0000
4.6410 0.023783 65,165140 0 0x0000
4.8320 0.023783 65,165140 1 0x0000
5.0370 0.022215 60,869257 1 0x0000
5.3030 0.020682 56,667444 1 0x0000
5.4350 0.023493 64,370768 1 0x0000
5.6410 0.022139 60,660212 1 0x0000
5.8360 0.022814 62,510264 1 0x0000
6.0370 0.027811 76,202738 1 0x0000
6.2430 0.023283 63,795893 1 0x0000
6.4440 0.020456 56,050760 1 0x0000
6.6420 0.020209 55,371363 1 0x0000
6.8450 0.023039 63,126948 1 0x0000
7.1340 0.022040 60,388453 1 0x0000
7.2430 0.023134 63,388254 1 0x0000
7.4510 0.023134 63,388254 2 0x0000
7.6440 0.020186 55,308649 2 0x0000
7.8460 0.018881 51,733973 2 0x0000
8.0560 0.023504 64,402125 2 0x0000
8.2500 0.023501 64,391672 2 0x0000
8.4480 0.023024 63,085139 2 0x0000
8.6550 0.020415 55,935786 2 0x0000
8.8520 0.022558 61,809962 2 0x0000
9.0520 0.025465 69,774592 2 0x0000
9.3370 0.025465 69,774592 3 0x0000
9.5230 0.023237 63,670466 3 0x0000
9.6610 0.021513 58,946039 3 0x0000
9.8610 0.020739 56,824229 3 0x0000
10.0590 0.021540 59,019205 3 0x0000
10.2580 0.022898 62,740214 3 0x0000
10.4600 0.023634 64,757502 3 0x0000
10.6630 0.024553 67,276499 3 0x0000
10.8640 0.019037 52,162516 3 0x0000
11.0650 0.022635 62,019007 3 0x0000
11.3750 0.021815 59,771769 3 0x0000
11.4660 0.017367 47,584421 3 0x0000
11.6660 0.016993 46,560099 3 0x0000
11.9210 0.023939 65,593683 3 0x0000
12.0740 0.021261 58,256190 3 0x0000
12.2690 0.019194 52,591059 3 0x0000
12.4690 0.021517 58,956492 3 0x0000
12.6700 0.019201 52,611964 3 0x0000
12.8740 0.019167 52,517893 3 0x0000
13.0720 0.016337 44,762308 3 0x0000
13.3670 0.015070 41,292155 3 0x0000
13.4750 0.015459 42,358286 3 0x0000
13.6780 0.014273 39,107630 3 0x0000
13.8780 0.012587 34,487726 3 0x0000
14.0810 0.012587 34,487726 4 0x0000
14.2790 0.009756 26,732142 4 0x0000
14.4800 0.014395 39,442103 4 0x0000
14.6820 0.014395 39,442103 5 0x0000
14.8810 0.009791 26,826212 5 0x0000
15.0820 0.007452 20,418970 5 0x0000
15.3730 0.009741 26,690333 5 0x0000
15.4850 0.008406 23,032038 5 0x0000
15.6870 0.002878 7,886698 5 0x0000
15.8870 0.003515 9,632227 5 0x0000
16.0870 0.002730 7,479059 5 0x0000
16.2890 0.005846 16,018564 5 0x0000
16.4900 0.002299 6,297953 5 0x0000
16.6930 -0.000643 -1,760748 5 0x0000
16.8920 0.000540 1,479456 5 0x0000
17.0940 0.001143 3,130915 5 0x0000
17.3820 0.001143 3,130915 6 0x0000
17.4940 -0.002794 -7,655828 6 0x0000
17.6950 0.002798 7,667200 6 0x0000
17.8970 0.001337 3,663981 6 0x0000
18.0970 0.000784 2,148401 6 0x0000
18.2990 -0.001642 -4,499243 6 0x0000
18.4990 0.004015 11,001475 6 0x0000
18.7020 0.002970 8,137552 6 0x0000
18.9010 -0.000982 -2,691000 6 0x0000
19.1030 -0.000982 -2,691000 7 0x0000
19.3840 0.003138 8,597452 7 0x0000
19.5050 0.002329 6,381571 7 0x0000
19.7060 0.006102 16,718867 7 0x0000
19.9080 0.002928 8,022578 7 0x0000
20.1080 -0.000402 -1,102255 7 0x0000
20.3110 0.002581 7,071421 7 0x0000
20.5110 0.001921 5,263178 7 0x0000
20.7120 0.002707 7,416346 7 0x0000
21.0020 0.006529 17,889521 7 0x0000
21.1120 0.003393 9,297755 7 0x0000
21.3130 0.006193 16,969721 7 0x0000
21.5150 0.004648 12,736552 7 0x0000
21.7150 0.002192 6,005289 7 0x0000
21.9160 0.003641 9,977152 7 0x0000
22.1180 0.006655 18,234446 7 0x0000
22.3180 0.004225 11,576349 7 0x0000
22.5200 0.005049 13,834040 7 0x0000
22.7200 0.006602 18,088114 7 0x0000
22.9210 0.000155 0,423777 7 0x0000
23.1220 0.005163 14,147608 7 0x0000
23.3250 0.010943 29,982798 7 0x0000
23.5250 0.006075 16,645701 7 0x0000
23.7260 0.007639 20,931132 7 0x0000
23.9270 0.008551 23,429224 7 0x0000
24.1280 0.007311 20,032236 7 0x0000
24.3280 0.004679 12,820170 7 0x0000
24.5290 0.006003 16,447108 7 0x0000
24.7300 0.008074 22,122690 7 0x0000
24.9310 0.008787 24,077265 7 0x0000
25.1330 0.008787 24,077265 8 0x0000
25.4220 0.006193 16,969721 8 0x0000
25.5340 0.008227 22,540781 8 0x0000
25.7350 0.011500 31,508829 8 0x0000
25.9370 0.008360 22,906611 8 0x0000
26.1370 0.005213 14,283488 8 0x0000
26.3420 0.010924 29,930536 8 0x0000
26.5410 0.007845 21,495554 8 0x0000
26.7430 0.008795 24,098170 8 0x0000
26.9410 0.010649 29,177973 8 0x0000
27.1430 0.010649 29,177973 9 0x0000
27.3450 0.007998 21,913645 9 0x0000
27.5450 0.008894 24,369929 9 0x0000
27.7450 0.008978 24,599879 9 0x0000
27.9460 0.012591 34,498179 9 0x0000
28.1460 0.012491 34,226420 9 0x0000
28.3480 0.007479 20,492136 9 0x0000
28.5500 0.009146 25,059778 9 0x0000
28.7500 0.011263 30,860789 9 0x0000
28.9510 0.012591 34,498179 9 0x0000
29.1520 0.013647 37,393458 9 0x0000
29.3560 0.008757 23,993647 9 0x0000
29.5560 0.010039 27,505610 9 0x0000
29.7560 0.013083 35,846522 9 0x0000
29.9570 0.010595 29,031641 9 0x0000
30.1590 0.013804 37,822001 9 0x0000
30.3590 0.014811 40,581400 9 0x0000
30.5610 0.016478 45,149042 9 0x0000
30.7600 0.010832 29,679682 9 0x0000
30.9620 0.013689 37,508433 9 0x0000
31.2490 0.014567 39,912455 9 0x0000
31.3640 0.013800 37,811548 9 0x0000
31.5650 0.013277 36,379587 9 0x0000
31.7660 0.016321 44,720499 9 0x0000
31.9680 0.016646 45,608942 9 0x0000
32.1690 0.014879 40,769541 9 0x0000
32.3690 0.011751 32,198679 9 0x0000
32.5720 0.011751 32,198679 10 0x0000
32.7720 0.013498 36,985819 10 0x0000
32.9730 0.015963 43,737986 10 0x0000
33.1740 0.013197 36,160090 10 0x0000
33.3750 0.017744 48,619196 10 0x0000
33.5760 0.015688 42,985422 10 0x0000
33.7770 0.015814 43,330347 10 0x0000
33.9770 0.016298 44,657786 10 0x0000
34.1780 0.016298 44,657786 11 0x0000
34.3790 0.017786 48,734171 11 0x0000
34.5800 0.017786 48,734171 12 0x0000
34.7820 0.015848 43,424418 12 0x0000
34.9820 0.017256 47,281306 12 0x0000
35.2660 0.017668 48,410151 12 0x0000
35.3850 0.019701 53,981211 12 0x0000
35.5900 0.020586 56,406138 12 0x0000
35.7870 0.020327 55,695383 12 0x0000
35.9880 0.020296 55,611765 12 0x0000
36.1900 0.020628 56,521113 12 0x0000
36.3910 0.020628 56,521113 13 0x0000
36.5910 0.018397 50,406534 13 0x0000
36.7920 0.019129 52,413370 13 0x0000
36.9930 0.020483 56,123926 13 0x0000
37.2820 0.022947 62,876093 13 0x0000
37.3940 0.021528 58,987849 13 0x0000
37.5950 0.021284 58,318903 13 0x0000
37.8220 0.023615 64,705240 13 0x0000
37.9980 0.022791 62,447550 13 0x0000
38.1990 0.024355 66,732981 13 0x0000
38.3990 0.021544 59,029658 13 0x0000
38.6000 0.022986 62,980616 13 0x0000
38.8030 0.024557 67,286951 13 0x0000
39.0030 0.023207 63,586848 13 0x0000
39.2960 0.023607 64,684336 13 0x0000
39.4050 0.019789 54,221613 13 0x0000
39.6050 0.020315 55,664026 13 0x0000
39.8070 0.024508 67,151072 13 0x0000
40.0070 0.021219 58,141215 13 0x0000
40.2080 0.021525 58,977396 13 0x0000
40.4090 0.021525 58,977396 14 0x0000
40.6110 0.026323 72,126353 14 0x0000
40.8140 0.024576 67,339213 14 0x0000
41.0120 0.023024 63,085139 14 0x0000
41.2960 0.023024 63,085139 15 0x0000
41.4150 0.023878 65,426447 15 0x0000
41.6160 0.027903 76,453593 15 0x0000
41.8250 0.027903 76,453593 16 0x0000
42.0180 0.027342 74,917109 16 0x0000
42.2180 0.027479 75,293391 16 0x0000
42.4200 0.027792 76,150477 16 0x0000
42.6200 0.028910 79,212992 16 0x0000
42.8210 0.028910 79,212992 17 0x0000
43.0230 0.028254 77,415201 17 0x0000
43.3130 0.030958 84,825861 17 0x0000
43.4250 0.029261 80,174601 17 0x0000
43.6250 0.026629 72,962534 17 0x0000
43.8270 0.023108 63,315089 17 0x0000
44.0270 0.030523 83,634302 17 0x0000
44.2300 0.032496 89,038126 17 0x0000
44.4300 0.028517 78,136408 17 0x0000
44.6290 0.029577 81,042139 17 0x0000
44.8310 0.034094 93,417628 17 0x0000
45.0330 0.026297 72,053187 17 0x0000
45.3200 0.034956 95,779841 17 0x0000
45.4350 0.035414 97,034113 17 0x0000
45.6370 0.035414 97,034113 18 0x0000
45.8360 0.028830 78,993494 18 0x0000
46.0380 0.029120 79,787867 18 0x0000
46.2390 0.031336 85,860636 18 0x0000
46.4400 0.029879 81,867869 18 0x0000
46.6410 0.027006 73,997309 18 0x0000
46.8410 0.030039 82,306864 18 0x0000
47.0430 0.031954 87,553904 18 0x0000
47.3440 0.033274 91,170389 18 0x0000
47.4440 0.036551 100,148890 18 0x0000
47.6460 0.032488 89,017222 18 0x0000
47.8480 0.035917 98,413813 18 0x0000
48.0470 0.032892 90,125162 18 0x0000
48.2490 0.034506 94,546473 18 0x0000
48.4500 0.030745 84,240534 18 0x0000
48.6500 0.030745 84,240534 19 0x0000
48.8520 0.035792 98,068888 19 0x0000
49.1410 0.036303 99,469492 19 0x0000
49.3420 0.036017 98,685572 19 0x0000
49.4540 0.034975 95,832102 19 0x0000
49.6560 0.036135 99,009592 19 0x0000
49.8560 0.035265 96,626475 19 0x0000
50.0570 0.035265 96,626475 20 0x0000
50.2580 0.031771 87,052195 20 0x0000
50.4590 0.032660 89,487574 20 0x0000
50.6620 0.035608 97,567179 20 0x0000
50.9540 0.036211 99,218638 20 0x0000
51.0620 0.042360 116,067698 20 0x0000
51.3600 0.038836 106,409800 20 0x0000
51.4660 0.036741 100,671503 20 0x0000
51.6660 0.037123 101,716730 20 0x0000
51.8690 0.039961 109,493220 20 0x0000
52.0690 0.039992 109,576838 20 0x0000
52.2690 0.038904 106,597941 20 0x0000
52.4690 0.038550 105,625880 20 0x0000
52.6700 0.039652 108,646586 20 0x0000
52.8710 0.035483 97,222254 20 0x0000
53.0740 0.042551 116,590311 20 0x0000
53.3030 0.042311 115,931818 20 0x0000
53.4740 0.041380 113,381464 20 0x0000
53.6750 0.041380 113,381464 21 0x0000
53.8760 0.041002 112,346689 21 0x0000
54.0790 0.042772 117,196543 21 0x0000
54.2810 0.042231 115,712321 21 0x0000
54.4810 0.038698 106,033518 21 0x0000
54.6800 0.035650 97,682154 21 0x0000
54.8850 0.035650 97,682154 22 0x0000
55.1750 0.042956 117,698252 22 0x0000
55.3770 0.039389 107,925379 22 0x0000
55.4850 0.041945 114,928400 22 0x0000
55.6850 0.041067 112,524378 22 0x0000
55.8870 0.042963 117,719156 22 0x0000
56.0870 0.044485 121,889612 22 0x0000
56.2880 0.041414 113,475535 22 0x0000
56.4890 0.044832 122,840769 22 0x0000
56.6910 0.042689 116,966593 22 0x0000
56.8920 0.044188 121,074335 22 0x0000
57.0930 0.039812 109,085581 22 0x0000
57.3830 0.042170 115,545084 22 0x0000
57.4950 0.043837 120,112726 22 0x0000
57.6980 0.045248 123,980067 22 0x0000
57.8980 0.043001 117,823679 22 0x0000
58.1000 0.047201 129,331629 22 0x0000
58.2990 0.046332 126,948511 22 0x0000
58.5010 0.046614 127,721979 22 0x0000
58.7000 0.043738 119,840967 22 0x0000
58.9020 0.045901 125,767405 22 0x0000
59.1020 0.045721 125,276148 22 0x0000
59.4010 0.042135 115,451014 22 0x0000
59.5060 0.046694 127,941477 22 0x0000
59.7060 0.043284 118,597147 22 0x0000
59.9070 0.045740 125,328409 22 0x0000
60.1070 0.040705 111,531412 22 0x0000
60.3090 0.043432 119,004786 22 0x0000
60.5110 0.045237 123,948710 22 0x0000
60.7110 0.043287 118,607599 22 0x0000
60.9150 0.043287 118,607599 23 0x0000
61.1190 0.039026 106,932413 23 0x0000
61.3150 0.038645 105,887186 23 0x0000
61.5150 0.036646 100,410197 23 0x0000
61.7150 0.036123 98,978235 23 0x0000
61.9160 0.035345 96,845972 23 0x0000
62.1200 0.035071 96,093409 23 0x0000
62.3200 0.030714 84,156916 23 0x0000
62.5190 0.031740 86,968577 23 0x0000
62.7200 0.031576 86,519129 23 0x0000
62.9210 0.027830 76,254999 23 0x0000
63.2070 0.028628 78,439524 23 0x0000
63.3280 0.024603 67,412379 23 0x0000
63.6160 0.027155 74,404948 23 0x0000
63.7290 0.023173 63,492777 23 0x0000
63.9270 0.026457 72,492182 23 0x0000
64.1270 0.024420 66,910670 23 0x0000
64.3310 0.024626 67,475092 23 0x0000
64.5290 0.025500 69,868662 23 0x0000
64.7320 0.024256 66,461222 23 0x0000
64.9310 0.023634 64,757502 23 0x0000
65.1330 0.023569 64,579813 23 0x0000
65.3320 0.023691 64,914286 23 0x0000
65.5350 0.023691 64,914286 24 0x0000
65.7350 0.022783 62,426646 24 0x0000
65.9380 0.022768 62,384836 24 0x0000
66.1370 0.019312 52,915079 24 0x0000
66.3430 0.021689 59,426844 24 0x0000
66.5410 0.024210 66,335795 24 0x0000
66.7420 0.021547 59,040110 24 0x0000
66.9430 0.022230 60,911066 24 0x0000
67.1460 0.023791 65,186045 24 0x0000
67.3460 0.022532 61,736796 24 0x0000
67.5450 0.021483 58,862421 24 0x0000
67.7470 0.023817 65,259211 24 0x0000
67.9470 0.021544 59,029658 24 0x0000
68.1470 0.022192 60,806544 24 0x0000
68.3520 0.022482 61,600916 24 0x0000
68.5510 0.020918 57,315485 24 0x0000
68.7510 0.022535 61,747248 24 0x0000
68.9510 0.024119 66,084940 24 0x0000
69.1520 0.025770 70,610773 24 0x0000
69.4440 0.024916 68,269465 24 0x0000
69.5550 0.021948 60,137598 24 0x0000
69.7550 0.020544 56,291163 24 0x0000
69.9560 0.021597 59,175989 24 0x0000
70.1590 0.024225 66,377604 24 0x0000
70.3580 0.022234 60,921519 24 0x0000
70.5600 0.019758 54,137995 24 0x0000
70.7600 0.022238 60,931971 24 0x0000
70.9610 0.023844 65,332377 24 0x0000
71.2490 0.022425 61,444132 24 0x0000
71.4510 0.020727 56,792872 24 0x0000
71.5650 0.023913 65,520518 24 0x0000
71.7650 0.021448 58,768351 24 0x0000
71.9670 0.022230 60,911066 24 0x0000
72.1680 0.021097 57,806742 24 0x0000
72.3680 0.021097 57,806742 25 0x0000
72.5690 0.021097 57,806742 26 0x0000
72.7710 0.025759 70,579417 26 0x0000
72.9730 0.018198 49,863016 26 0x0000
73.1730 0.020403 55,904429 26 0x0000
73.3740 0.022215 60,869257 26 0x0000
73.5740 0.020514 56,207545 26 0x0000
73.7770 0.025019 68,551676 26 0x0000
73.9760 0.023401 64,119913 26 0x0000
74.1770 0.023493 64,370768 26 0x0000
74.3800 0.023493 64,370768 27 0x0000
74.5800 0.023638 64,767954 27 0x0000
74.7810 0.020373 55,820811 27 0x0000
74.9810 0.022070 60,472071 27 0x0000
75.2680 0.022646 62,050364 27 0x0000
75.4760 0.022993 63,001520 27 0x0000
75.5860 0.022825 62,541620 27 0x0000
75.7850 0.023123 63,356898 27 0x0000
75.9860 0.021258 58,245737 27 0x0000
76.1920 0.024641 67,516901 27 0x0000
76.3890 0.022280 61,046946 27 0x0000
76.5900 0.022070 60,472071 27 0x0000
76.7900 0.020395 55,883524 27 0x0000
76.9920 0.023462 64,287150 27 0x0000
77.2840 0.023188 63,534586 27 0x0000
77.4810 0.023188 63,534586 28 0x0000
77.5940 0.023188 63,534586 29 0x0000
77.7940 0.018980 52,005732 29 0x0000
77.9970 0.022581 61,872675 29 0x0000
78.1970 0.023421 64,172175 29 0x0000
78.3980 0.024569 67,318308 29 0x0000
78.5990 0.019381 53,103220 29 0x0000
78.8020 0.024233 66,398508 29 0x0000
79.0010 0.020399 55,893976 29 0x0000
79.2040 0.024832 68,039515 29 0x0000
79.4060 0.024832 68,039515 30 0x0000
79.6050 0.023321 63,900416 30 0x0000
79.8060 0.021399 58,632471 30 0x0000
80.0070 0.020434 55,988047 30 0x0000
80.2080 0.022745 62,322123 30 0x0000
80.4080 0.023760 65,102427 30 0x0000
80.6100 0.018919 51,838495 30 0x0000
80.8110 0.021040 57,649958 30 0x0000
81.0130 0.023897 65,478708 30 0x0000
81.2120 0.024855 68,102228 30 0x0000
81.5000 0.022082 60,503428 30 0x0000
81.6190 0.020815 57,033274 30 0x0000
81.8160 0.024016 65,802729 30 0x0000
82.0170 0.025259 69,210169 30 0x0000
82.2170 0.022963 62,917902 30 0x0000
82.4190 0.024820 68,008158 30 0x0000
82.6210 0.020327 55,695383 30 0x0000
82.8210 0.025149 68,907053 30 0x0000
83.0220 0.021837 59,834482 30 0x0000
83.2220 0.022803 62,478907 30 0x0000
83.4250 0.023764 65,112879 30 0x0000
83.6240 0.023077 63,231470 30 0x0000
83.8260 0.022886 62,708857 30 0x0000
84.0260 0.024012 65,792277 30 0x0000
84.2330 0.023501 64,391672 30 0x0000
84.4290 0.022463 61,548655 30 0x0000
84.6290 0.021303 58,371165 30 0x0000
84.8300 0.021303 58,371165 31 0x0000
85.0380 0.024321 66,638911 31 0x0000
85.2320 0.020113 55,110056 31 0x0000
85.4370 0.022387 61,339609 31 0x0000
85.6360 0.022074 60,482523 31 0x0000
85.8400 0.022429 61,454584 31 0x0000
86.0410 0.022425 61,444132 31 0x0000
86.2370 0.023016 63,064234 31 0x0000
86.4430 0.022967 62,928354 31 0x0000
86.6440 0.022368 61,287348 31 0x0000
86.8400 0.023016 63,064234 31 0x0000
87.0410 0.021486 58,872874 31 0x0000
87.3320 0.021395 58,622019 31 0x0000
87.5090 0.021387 58,601115 31 0x0000
87.7090 0.024119 66,084940 31 0x0000
87.8510 0.022814 62,510264 31 0x0000
88.0460 0.021555 59,061014 31 0x0000
88.2520 0.023897 65,478708 31 0x0000
88.4480 0.021650 59,322321 31 0x0000
88.6490 0.022013 60,315287 31 0x0000
88.8550 0.023459 64,276697 31 0x0000
89.0510 0.023993 65,740015 31 0x0000
89.2520 0.022066 60,461619 31 0x0000
89.5050 0.021643 59,301417 31 0x0000
89.6550 0.021490 58,883326 31 0x0000
89.8590 0.025862 70,861628 31 0x0000
90.0560 0.023287 63,806345 31 0x0000
90.2570 0.022822 62,531168 31 0x0000
90.4630 0.021235 58,183024 31 0x0000
90.6620 0.023565 64,569361 31 0x0000
90.8600 0.023665 64,841120 31 0x0000
91.0650 0.022333 61,193278 31 0x0000
91.3430 0.022562 61,820414 31 0x0000
91.4620 0.022227 60,900614 31 0x0000
91.6690 0.024672 67,600519 31 0x0000
91.8650 0.020579 56,385233 31 0x0000
92.0700 0.024386 66,816599 31 0x0000
92.2680 0.021780 59,677698 31 0x0000
92.5650 0.021334 58,454783 31 0x0000
92.6690 0.022497 61,642725 31 0x0000
92.8750 0.021975 60,210764 31 0x0000
93.0790 0.023688 64,903834 31 0x0000
93.2710 0.023092 63,273279 31 0x0000
93.4770 0.022539 61,757700 31 0x0000
93.6780 0.024527 67,203333 31 0x0000
93.8740 0.022856 62,625239 31 0x0000
94.0820 0.022856 62,625239 32 0x0000
94.2770 0.024256 66,461222 32 0x0000
94.4840 0.022383 61,329157 32 0x0000
94.6800 0.021212 58,120310 32 0x0000
94.8810 0.021479 58,851969 32 0x0000
95.1630 0.023604 64,673884 32 0x0000
95.2820 0.027613 75,659220 32 0x0000
95.4870 0.022455 61,527750 32 0x0000
95.7510 0.021395 58,622019 32 0x0000
95.8860 0.023783 65,165140 32 0x0000
96.0920 0.021204 58,099406 32 0x0000
96.2880 0.021998 60,273478 32 0x0000
96.4930 0.022753 62,343027 32 0x0000
96.6900 0.025381 69,544642 32 0x0000
96.8900 0.025381 69,544642 33 0x0000
97.0960 0.023386 64,078104 33 0x0000
97.2910 0.023386 64,078104 34 0x0000
97.4970 0.023478 64,328959 34 0x0000
97.6950 0.022902 62,750666 34 0x0000
97.9010 0.022539 61,757700 34 0x0000
98.0970 0.022490 61,621821 34 0x0000
98.3020 0.022955 62,896998 34 0x0000
98.5000 0.024832 68,039515 34 0x0000
98.7030 0.023234 63,660013 34 0x0000
98.9040 0.021063 57,712672 34 0x0000
99.1060 0.022986 62,980616 34 0x0000
99.3090 0.022116 60,597498 34 0x0000
99.5740 0.022261 60,994684 34 0x0000
99.7670 0.023958 65,645945 34 0x0000
99.9120 0.023501 64,391672 34 0x0000
100.1080 0.021418 58,684733 34 0x0000
100.3070 0.022482 61,600916 34 0x0000
100.5130 0.021853 59,876292 34 0x0000
100.7090 0.021605 59,196894 34 0x0000
100.9160 0.020884 57,221415 34 0x0000
101.1110 0.022120 60,607950 34 0x0000
101.3980 0.021227 58,162119 34 0x0000
101.5130 0.023146 63,419611 34 0x0000
101.7210 0.021486 58,872874 34 0x0000
101.9150 0.025583 70,098612 34 0x0000
102.1200 0.021895 59,991266 34 0x0000
102.3170 0.024977 68,436701 34 0x0000
102.5190 0.020334 55,716288 34 0x0000
102.7250 0.020167 55,256388 34 0x0000
102.9210 0.022047 60,409357 34 0x0000
103.1250 0.021731 59,541819 34 0x0000
103.3220 0.020014 54,838297 34 0x0000
103.5300 0.023756 65,091974 34 0x0000
103.7300 0.023256 63,722727 34 0x0000
103.9290 0.024271 66,503031 34 0x0000
104.1260 0.020209 55,371363 34 0x0000
104.3340 0.025305 69,335596 34 0x0000
104.5340 0.024050 65,896799 34 0x0000
104.7290 0.023543 64,506647 34 0x0000
104.9310 0.023508 64,412577 34 0x0000
105.1320 0.023348 63,973582 34 0x0000
105.4080 0.022989 62,991068 34 0x0000
105.5320 0.019781 54,200709 34 0x0000
105.7400 0.022402 61,381418 34 0x0000
105.9350 0.021856 59,886744 34 0x0000
106.1400 0.022036 60,378000 34 0x0000
106.3440 0.018480 50,636484 34 0x0000
106.5380 0.020765 56,897394 34 0x0000
106.7510 0.023142 63,409159 34 0x0000
106.9440 0.024141 66,147654 34 0x0000
107.1410 0.021567 59,092371 34 0x0000
107.3430 0.021677 59,395487 34 0x0000
107.5470 0.019110 52,361109 34 0x0000
107.7520 0.023306 63,858607 34 0x0000
107.9450 0.024389 66,827051 34 0x0000
108.1520 0.024389 66,827051 35 0x0000
108.3480 0.022650 62,060816 35 0x0000
108.5520 0.022619 61,977198 35 0x0000
108.7520 0.024218 66,356699 35 0x0000
108.9500 0.021872 59,928553 35 0x0000
109.2490 0.023825 65,280115 35 0x0000
109.3510 0.022902 62,750666 35 0x0000
109.5580 0.022135 60,649760 35 0x0000
109.7540 0.022608 61,945841 35 0x0000
109.9660 0.021872 59,928553 35 0x0000
110.1570 0.022520 61,705439 35 0x0000
110.3620 0.022341 61,214182 35 0x0000
110.5580 0.023108 63,315089 35 0x0000
110.7590 0.022467 61,559107 35 0x0000
110.9660 0.020502 56,176188 35 0x0000
111.1600 0.024191 66,283533 35 0x0000
111.4450 0.024191 66,283533 36 0x0000
111.5620 0.022101 60,555689 36 0x0000
111.7700 0.024981 68,447153 36 0x0000
111.9660 0.022848 62,604334 36 0x0000
112.1730 0.021605 59,196894 36 0x0000
112.3710 0.020502 56,176188 36 0x0000
112.5690 0.022577 61,862223 36 0x0000
112.7700 0.022577 61,862223 37 0x0000
112.9740 0.021658 59,343226 37 0x0000
113.2510 0.022261 60,994684 37 0x0000
113.3730 0.023531 64,475291 37 0x0000
113.5780 0.021052 57,681315 37 0x0000
113.7750 0.022280 61,046946 37 0x0000
113.9800 0.022585 61,883127 37 0x0000
114.1760 0.021986 60,242121 37 0x0000
114.3780 0.025046 68,624842 37 0x0000
114.5820 0.021147 57,942621 37 0x0000
114.7840 0.023009 63,043329 37 0x0000
114.9840 0.019957 54,681513 37 0x0000
115.1880 0.024901 68,227656 37 0x0000
115.3820 0.020502 56,176188 37 0x0000
115.6580 0.022165 60,733378 37 0x0000
115.8480 0.023432 64,203531 37 0x0000
115.9940 0.024088 66,001322 37 0x0000
116.1860 0.022219 60,879709 37 0x0000
116.3940 0.019610 53,730356 37 0x0000
116.5880 0.021582 59,134180 37 0x0000
116.7900 0.022452 61,517298 37 0x0000
116.9950 0.020384 55,852167 37 0x0000
117.1910 0.022337 61,203730 37 0x0000
117.3910 0.021151 57,953074 37 0x0000
117.5920 0.024000 65,760920 37 0x0000
117.8000 0.019674 53,908045 37 0x0000
117.9970 0.021048 57,670862 37 0x0000
118.1960 0.022337 61,203730 37 0x0000
118.4030 0.021532 58,998301 37 0x0000
118.5990 0.022955 62,896998 37 0x0000
118.8050 0.022360 61,266443 37 0x0000
119.0120 0.025522 69,931376 37 0x0000
119.2030 0.018374 50,343821 37 0x0000
